5 0.1778846153846154 0.7259615384615384 0.04326923076923077 0.4375
5 0.23317307692307693 0.703125 0.04807692307692308 0.4879807692307692
5 0.29086538461538464 0.6790865384615384 0.052884615384615384 0.5192307692307693
5 0.36538461538461536 0.6622596153846154 0.0673076923076923 0.5673076923076923
5 0.4411057692307692 0.6610576923076923 0.06971153846153846 0.5649038461538461
5 0.5096153846153846 0.6418269230769231 0.0673076923076923 0.6057692307692307
5 0.5853365384615384 0.6382211538461539 0.0673076923076923 0.6057692307692307
5 0.6658653846153846 0.6225961538461539 0.07692307692307693 0.6394230769230769
5 0.7475961538461539 0.6189903846153846 0.07451923076923077 0.6466346153846154
5 0.8401442307692307 0.5649038461538461 0.09615384615384616 0.7692307692307693
5 0.9350961538461539 0.5264423076923077 0.10096153846153846 0.8365384615384616