5 0.054086538461538464 0.49759615384615385 0.10576923076923077 0.7908653846153846
5 0.15264423076923078 0.5012019230769231 0.10096153846153846 0.7668269230769231
5 0.25240384615384615 0.5012019230769231 0.11057692307692307 0.7379807692307693
5 0.3473557692307692 0.5072115384615384 0.10096153846153846 0.6899038461538461
5 0.43990384615384615 0.5048076923076923 0.10576923076923077 0.6538461538461539
5 0.5252403846153846 0.5024038461538461 0.0889423076923077 0.6057692307692307
5 0.6081730769230769 0.5036057692307693 0.08413461538461539 0.5673076923076923
5 0.6826923076923077 0.5048076923076923 0.08653846153846154 0.5336538461538461
5 0.7560096153846154 0.5048076923076923 0.0889423076923077 0.49038461538461536
5 0.8221153846153846 0.5048076923076923 0.0625 0.43990384615384615
5 0.8822115384615384 0.5012019230769231 0.0625 0.41346153846153844
5 0.9459134615384616 0.5036057692307693 0.0625 0.39663461538461536