5 0.7259615384615384 0.8221153846153846 0.4375 0.04567307692307692
5 0.703125 0.7668269230769231 0.4879807692307692 0.04807692307692308
5 0.6790865384615384 0.7091346153846154 0.5192307692307693 0.052884615384615384
5 0.6622596153846154 0.6346153846153846 0.5673076923076923 0.0673076923076923
5 0.6610576923076923 0.5588942307692307 0.5649038461538461 0.06971153846153846
5 0.6418269230769231 0.49038461538461536 0.6057692307692307 0.0673076923076923
5 0.6382211538461539 0.41466346153846156 0.6057692307692307 0.0673076923076923
5 0.6225961538461539 0.33413461538461536 0.6394230769230769 0.07692307692307693
5 0.6189903846153846 0.25240384615384615 0.6466346153846154 0.07451923076923077
5 0.5649038461538461 0.15985576923076922 0.7692307692307693 0.09615384615384616
5 0.5264423076923077 0.06490384615384616 0.8365384615384616 0.10096153846153846